0.050000 2046.000000
0.050000 4010.000000
0.050000 2007.000000
0.050000 1984.000000
0.050000 2004.000000
0.050000 4007.000000
0.050000 1993.000000
0.050000 2009.000000
0.050000 2001.000000
0.050000 4012.000000
0.100000 2009.000000
0.100000 2009.000000
0.100000 8008.000000
0.100000 2008.000000
0.100000 4007.000000
0.100000 3991.000000
0.100000 4012.000000
0.100000 4009.000000
0.100000 1997.000000
0.100000 1937.000000
0.150000 6008.000000
0.150000 4093.000000
0.150000 2004.000000
0.150000 2006.000000
0.150000 2001.000000
0.150000 2006.000000
0.150000 5993.000000
0.150000 3989.000000
0.150000 4005.000000
0.150000 1991.000000
0.200000 3994.000000
0.200000 5978.000000
0.200000 4010.000000
0.200000 4006.000000
0.200000 8015.000000
0.200000 4011.000000
0.200000 4011.000000
0.200000 6014.000000
0.200000 6014.000000
0.200000 4013.000000
0.250000 8017.000000
0.250000 4011.000000
0.250000 4009.000000
0.250000 4008.000000
0.250000 10019.000000
0.250000 6012.000000
0.250000 14022.000000
0.250000 8017.000000
0.250000 4012.000000
0.250000 4010.000000
0.300000 6011.000000
0.300000 5976.000000
0.300000 6002.000000
0.300000 4008.000000
0.300000 4004.000000
0.300000 12021.000000
0.300000 2007.000000
0.300000 4012.000000
0.300000 6015.000000
0.300000 6014.000000
0.350000 8015.000000
0.350000 6013.000000
0.350000 4013.000000
0.350000 10020.000000
0.350000 6015.000000
0.350000 12021.000000
0.350000 5976.000000
0.350000 6016.000000
0.350000 6013.000000
0.350000 6011.000000
0.400000 12023.000000
0.400000 6016.000000
0.400000 4012.000000
0.400000 8015.000000
0.400000 4012.000000
0.400000 10019.000000
0.400000 6013.000000
0.400000 6013.000000
0.400000 6015.000000
0.400000 8017.000000
0.450000 10017.000000
0.450000 18026.000000
0.450000 6015.000000
0.450000 8017.000000
0.450000 14021.000000
0.450000 8016.000000
0.450000 6015.000000
0.450000 16025.000000
0.450000 26038.000000
0.450000 6015.000000
0.500000 8015.000000
0.500000 8017.000000
0.500000 8018.000000
0.500000 26039.000000
0.500000 18029.000000
0.500000 2009.000000
0.500000 10017.000000
0.500000 14024.000000
0.500000 6015.000000
0.500000 4010.000000
0.550000 22028.000000
0.550000 10017.000000
0.550000 14022.000000
0.550000 22031.000000
0.550000 13993.000000
0.550000 16025.000000
0.550000 8014.000000
0.550000 8018.000000
0.550000 8015.000000
0.550000 26036.000000
0.600000 16017.000000
0.600000 7996.000000
0.600000 12022.000000
0.600000 18030.000000
0.600000 14023.000000
0.600000 14025.000000
0.600000 14024.000000
0.600000 14025.000000
0.600000 4012.000000
0.600000 16028.000000
0.650000 20032.000000
0.650000 14023.000000
0.650000 10017.000000
0.650000 8016.000000
0.650000 42053.000000
0.650000 14024.000000
0.650000 18029.000000
0.650000 19999.000000
0.650000 26031.000000
0.650000 20376.000000
0.700000 36026.000000
0.700000 20026.000000
0.700000 14015.000000
0.700000 16045.000000
0.700000 12018.000000
0.700000 17998.000000
0.700000 40054.000000
0.700000 24036.000000
0.700000 22031.000000
0.700000 12021.000000
0.750000 16025.000000
0.750000 22030.000000
0.750000 24035.000000
0.750000 22032.000000
0.750000 24036.000000
0.750000 34042.000000
0.750000 26035.000000
0.750000 34043.000000
0.750000 54070.000000
0.750000 32042.000000
0.800000 52067.000000
0.800000 34042.000000
0.800000 48058.000000
0.800000 34039.000000
0.800000 24037.000000
0.800000 19998.000000
0.800000 52061.000000
0.800000 36044.000000
0.800000 18028.000000
0.800000 54060.000000
0.850000 28038.000000
0.850000 20028.000000
0.850000 50064.000000
0.850000 18024.000000
0.850000 70071.000000
0.850000 40046.000000
0.850000 42042.000000
0.850000 58059.000000
0.850000 44045.000000
0.850000 52051.000000
0.900000 50049.000000
0.900000 52058.000000
0.900000 68077.000000
0.900000 76087.000000
0.900000 56071.000000
0.900000 30040.000000
0.900000 52064.000000
0.900000 64078.000000
0.900000 104126.000000
0.900000 74096.000000
0.950000 128145.000000
0.950000 198211.000000
0.950000 122114.000000
0.950000 86084.000000
0.950000 386365.000000
0.950000 120115.000000
0.950000 192205.000000
0.950000 108117.000000
0.950000 128118.000000
0.950000 178169.000000
0.960000 62059.000000
0.960000 120118.000000
0.960000 168155.000000
0.960000 356317.000000
0.960000 318304.000000
0.970000 406393.000000
0.970000 174164.000000
0.970000 122124.000000
0.970000 98097.000000
0.970000 204188.000000
0.980000 288265.000000
0.980000 318292.000000
0.980000 506505.000000
0.980000 454424.000000
0.980000 324313.000000
0.990000 606576.000000
0.990000 914877.000000
0.990000 434417.000000
0.990000 1635685.000000
0.990000 350332.000000
