0.05 3003.000000
0.05 5008.000000
0.05 3006.000000
0.05 5006.000000
0.05 7006.000000
0.05 9012.000000
0.05 7011.000000
0.05 3006.000000
0.05 3006.000000
0.05 3004.000000
0.10 7010.000000
0.10 5007.000000
0.10 3006.000000
0.10 3006.000000
0.10 7011.000000
0.10 3006.000000
0.10 5009.000000
0.10 7011.000000
0.10 7011.000000
0.10 3007.000000
0.15 7010.000000
0.15 3006.000000
0.15 5009.000000
0.15 9011.000000
0.15 7008.000000
0.15 3005.000000
0.15 7009.000000
0.15 9012.000000
0.15 5008.000000
0.15 3005.000000
0.20 5003.000000
0.20 11013.000000
0.20 11014.000000
0.20 9012.000000
0.20 5008.000000
0.20 3006.000000
0.20 5008.000000
0.20 5007.000000
0.20 7008.000000
0.20 5005.000000
0.25 7011.000000
0.25 9010.000000
0.25 13056.000000
0.25 11013.000000
0.25 11014.000000
0.25 11013.000000
0.25 7010.000000
0.25 7009.000000
0.25 11012.000000
0.25 9006.000000
0.30 19019.000000
0.30 3006.000000
0.30 9012.000000
0.30 15015.000000
0.30 15019.000000
0.30 9010.000000
0.30 11015.000000
0.30 13014.000000
0.30 17003.000000
0.30 9001.000000
0.35 13011.000000
0.35 11015.000000
0.35 17021.000000
0.35 7010.000000
0.35 9010.000000
0.35 17020.000000
0.35 15016.000000
0.35 11013.000000
0.35 11014.000000
0.35 7007.000000
0.40 17018.000000
0.40 15016.000000
0.40 13015.000000
0.40 11012.000000
0.40 25024.000000
0.40 15016.000000
0.40 11013.000000
0.40 19020.000000
0.40 23028.000000
0.40 11013.000000
0.45 15017.000000
0.45 17020.000000
0.45 7011.000000
0.45 21025.000000
0.45 19023.000000
0.45 15017.000000
0.45 19023.000000
0.45 17021.000000
0.45 19022.000000
0.45 27030.000000
0.50 15015.000000
0.50 25023.000000
0.50 29028.000000
0.50 25025.000000
0.50 19019.000000
0.50 25029.000000
0.50 29030.000000
0.50 25028.000000
0.50 21023.000000
0.50 39041.000000
0.55 29033.000000
0.55 31029.000000
0.55 23025.000000
0.55 41040.000000
0.55 33034.000000
0.55 27028.000000
0.55 19016.000000
0.55 21020.000000
0.55 31034.000000
0.55 23020.000000
0.60 33032.000000
0.60 47038.000000
0.60 31032.000000
0.60 21020.000000
0.60 59057.000000
0.60 33030.000000
0.60 27022.000000
0.60 31030.000000
0.60 47046.000000
0.60 63060.000000
0.65 27029.000000
0.65 23023.000000
0.65 47043.000000
0.65 41038.000000
0.65 49045.000000
0.65 27026.000000
0.65 45039.000000
0.65 39036.000000
0.65 37030.000000
0.65 37034.000000
0.70 45042.000000
0.70 25023.000000
0.70 41036.000000
0.70 57052.000000
0.70 55053.000000
0.70 49050.000000
0.70 37038.000000
0.70 45042.000000
0.70 31031.000000
0.70 59058.000000
0.75 55051.000000
0.75 73072.000000
0.75 39040.000000
0.75 67062.000000
0.75 65071.000000
0.75 67069.000000
0.75 55064.000000
0.75 51053.000000
0.75 59062.000000
0.75 65067.000000
0.80 83087.000000
0.80 61064.000000
0.80 103097.000000
0.80 119118.000000
0.80 59058.000000
0.80 61063.000000
0.80 67066.000000
0.80 127124.000000
0.80 113117.000000
0.80 69068.000000
0.85 107110.000000
0.85 113114.000000
0.85 129131.000000
0.85 141150.000000
0.85 153155.000000
0.85 107109.000000
0.85 139139.000000
0.85 105109.000000
0.85 117122.000000
0.85 141139.000000
0.90 251244.000000
0.90 181168.000000
0.90 109110.000000
0.90 133130.000000
0.90 91087.000000
0.90 243230.000000
0.90 181165.000000
0.90 159135.000000
0.90 141140.000000
0.90 131120.000000
0.95 355313.000000
0.95 355350.000000
0.95 555561.000000
0.95 375366.000000
0.95 377386.000000
0.95 571562.000000
0.95 347346.000000
0.95 475474.000000
0.95 355338.000000
0.95 349348.000000
0.96 431414.000000
0.96 309309.000000
0.96 371359.000000
0.96 243231.000000
0.96 273261.000000
0.97 885864.000000
0.97 773759.000000
0.97 703676.000000
0.97 741761.000000
0.97 451476.000000
0.98 1248216.000000
0.98 843926.000000
0.98 707765.000000
0.98 865833.000000
0.98 573605.000000
0.99 1628738.000000
0.99 2303281.000000
0.99 2053223.000000
0.99 2729857.000000
0.99 1898872.000000
